Homework 1 Results
============================================================
mu: 3.986004418e+14 m^3/s^2

Vector 1
r:  ( -464836.97860600, -6191644.71680500, -2961635.48103900) m
rd: (    7322.77235464,     406.01896116,   -1910.89281450) m/sec

Keplerian Elements for Vector 1
        a:    6819999.99903084 m
        e:          0.01000000
        inc:       30.00000000 deg
        raan:      30.00000000 deg
        wp:        29.99999941 deg
        nu:       209.43319063 deg
        TP:      5605.15391192 sec
        rp:   6751799.99904516 m
        ra:   6888199.99901652 m


Vector 2
r:  (  572461.71122800, -1015437.19439600, 7707337.87130200) m
rd: (   -6195.26294500,   -3575.88965000,      -5.42328300) m/sec

Keplerian Elements for Vector 2
        a:    7800000.00120126 m
        e:          0.00100000
        inc:       98.60000000 deg
        raan:      30.00000000 deg
        wp:        40.00000696 deg
        nu:        50.08784582 deg
        TP:      6855.71704370 sec
        rp:   7792200.00046197 m
        ra:   7807800.00194054 m


Vector 3
r:  ( -5142754.61711500, 16130814.76756600, 20434322.22979000) m
rd: (   -2924.28712800,   -2303.32626400,    1084.79883400) m/sec

Keplerian Elements for Vector 3
        a:    26560000.00601707 m
        e:          0.00100000
        inc:       55.00000000 deg
        raan:      50.00000000 deg
        wp:        40.00000535 deg
        nu:        30.05735251 deg
        TP:     43077.75745550 sec
        rp:   26533440.00049993 m
        ra:   26586560.01153420 m


Vector 4
r:  ( -21100299.89402400, 36462486.12050000,   69117.55512600) m
rd: (   -2664.26812500,   -1539.99665900,       1.83444200) m/sec

Keplerian Elements for Vector 4
        a:    42164171.68690220 m
        e:          0.00100000
        inc:        0.10000000 deg
        raan:      49.99999572 deg
        wp:        40.00000208 deg
        nu:        30.05736006 deg
        TP:     86164.09682317 sec
        rp:   42122007.51785447 m
        ra:   42206335.85594992 m


